21959
7834
5521
27843
19153
5209
16812
16402
26433
27052
16523
5699
8642
13680
12729
21157
7253
8673
20237
22120
15534
21881
22328
787
9316
11502
7743
13335
16230
669
1926
10811
11720
12046
15815
1999
24546
1592
24129
15886
21558
16948
13485
22490
14213
26494
21471
12094
6431
12128
20524
25063
22861
22720
12820
2015
10944
17203
4879
26422
6720
14648
3277
2680
11377
1701
25152
10334
7320
23270
1393
26512
2335
6884
11504
28107
22373
1423
15864
12771
4483
3032
4810
11544
24245
3502
5836
18833
16529
9690
10350
5799
22924
26943
22291
16161
13652
8318
22362
29118
11770
24308
20895
16022
27760
14924
23647
4514
13865
21462
26180
25712
7375
18945
7397
15135
9415
18905
15482
11002
708
15760
28585
3203
8887
1766
9138
24928
13437
27147
11856
4715
18374
4731
8569
14867
24383
22796
29942
19981
9745
13973
13294
18895
2065
24090
2648
19119
20743
1638
24264
13133
7837
45
21935
24837
11383
1643
25386
21762
24326
29303
5294
25955
11876
4277
28683
27677
23653
7901
2709
23456
468
8456
26914
14884
19573
27893
2137
6854
19138
28444
26655
14942
21335
15357
23456
5440
7760
12024
11944
18815
4999
29885
377
18093
12227
16261
23230
21062
2516
25720
18354
19165
26745
25831
2577
4348
12225
29264
21093
3976
24817
9378
758
24629
25802
11277
4008
17525
22643
28788
12445
21171
3596
29020
17557
3795
8522
28291
22843
22630
26491
4109
21871
12087
28859
3723
2756
19327
16137
11989
8672
20843
2660
5420
3562
7527
7692
13146
5658
18126
10275
15120
23537
16309
14300
19325
165
3226
25926
27384
15351
27522
792
25321
499
252
7351
3955
21339
756
13236
7388
27685
11160
13762
10667
24103
26932
28715
20119
28986
20083
19800
8764
10786
5273
23972
14645
4854
11744
26818
18686
13197
25772
134
29807
17315
18078
20620
5330
5602
16287
14738
5279
28657
29922
28032
9145
9590
4760
14121
19976
18186
14353
5050
9191
23038
195
23901
7836
15453
17233
2071
22485
26053
21730
24473
25752
5554
21024
23448
11211
27122
21388
29888
22086
26267
28601
19647
11010
19528
1588
7325
21284
8659
226
1861
3825
24363
11399
24594
27006
10674
7603
3080
11537
10306
23467
28503
28075
23855
3134
6853
12843
5874
27452
18525
15189
1842
23983
28869
17754
6318
10608
4155
4286
12236
15563
11590
20582
5275
19389
2957
1016
16204
1561
14245
2812
22896
13852
12168
25298
16045
211
29805
29506
6072
22340
28637
20926
3703
8125
16452
25364
21172
16522
15210
15159
29782
9435
23306
15627
12935
7680
23511
13444
15365
4362
18505
7687
22630
957
4100
6645
10305
6340
10131
8640
194
20601
5271
7093
26883
7578
19032
22775
25097
15856
4805
4683
11808
22391
4388
20371
2007
29671
18797
3472
25545
27320
2170
20647
12447
8202
3264
14077
4466
27446
28998
21231
6115
1364
11915
7132
11012
66
6435
9555
28961
24989
61
20835
23662
3488
15808
20802
21067
4562
5829
1351
9845
2377
28289
29344
10426
17499
4395
20132
20141
14419
29966
25978
10812
29362
18594
19286
18672
24104
1581
11890
15127
11732
10620
13950
28612
28549
21675
20440
22692
11987
17459
430
24212
10114
7170
25241
24453
12702
6263
11133
22290
17208
22527
17851
25432
4068
10593
5026
18941
24287
2845
10889
14830
21527
12444
15533
29647
12023
28798
19278
26116
8211
3298
27998
23923
24952
7838
4308
15374
7007
26041
18849
21432
16001
12895
7904
2747
26210
20187
18667
3079
8159
28935
23419
13943
9518
28119
28906
28037
19575
24255
3494
23373
9303
6157
4165
10272
7930
2187
3737
4145
29136
15510
5953
20750
22359
0
25076
13608
29132
22010
14860
14836
23793
25870
22201
10477
1066
6710
15646
4647
22284
6287
20579
11877
8384
8987
21966
24907
27274
852
20385
10348
14260
5172
2541
12629
12068
20659
17817
3824
15363
989
11522
4210
17251
17691
68
10199
25332
21103
2021
15191
24602
16349
19702
2687
8437
27039
13740
22299
18507
22078
22080
19579
27280
17645
20445
16227
21982
14819
3049
18316
3623
25204
22212
24773
3347
25660
12825
12141
12673
5441
22213
10101
27685
20516
5625
8116
20957
16758
10460
21888
5900
1911
11729
20088
24598
5311
27589
6884
23629
5684
4952
27172
6219
12550
21282
9737
18142
21874
26291
25195
8300
12770
4014
3530
17936
3588
20007
27929
22747
12956
23226
23350
16110
27870
25968
27912
15188
10093
14259
3047
23146
3151
5999
6171
9499
22523
29022
12337
9959
15276
26614
4551
6136
271
13764
5095
6058
20099
15876
15810
14572
696
4771
4048
17118
2345
6374
1162
3082
29346
15706
26370
29983
26065
26613
12925
8183
23389
20641
7780
15387
1053
10323
11430
9213
28190
17327
23729
6172
8433
16254
2175
27000
12514
28559
10927
13525
2378
9909
8232
26245
17398
12874
20646
11553
14785
12704
12088
16366
21909
20131
11315
12902
10454
460
2076
9579
11989
12059
6049
7914
27434
8759
25391
23823
12330
5158
15632
14677
741
26082
13654
18016
8888
1431
10010
9714
27751
13719
16394
14399
5446
20232
18075
2344
10763
20944
25146
28302
9056
3442
15470
4382
5034
29817
17744
22126
18654
2541
24974
23288
4437
26158
17588
9530
15525
431
21719
15098
16028
29415
20764
23113
15134
23053
16408
14901
16197
14652
3102
21631
20853
26369
9726
3619
25618
28678
2079
29951
26342
13814
23718
9935
4950
9219
10470
18684
28642
6345
3316
17509
21428
15996
29008
4875
24287
13813
11639
26139
17033
17463
4104
13203
773
1167
21966
6989
17709
21806
14304
23650
55
25990
812
2991
26293
17755
16020
16652
24336
4161
11478
14939
8364
203
13622
19423
26187
13658
3267
28304
15077
26111
4931
578
18035
22620
6973
12962
2977
26460
24433
24069
26946
5117
4087
17141
24713
28321
5453
21299
9470
23460
10147
8161
7577
5887
20243
9474
138
17706
17903
23388
15169
19998
21839
20581
25912
7853
17273
27338
24685
15254
83
3281
11403
6167
15386
7623
20000
12455
23480
14841
10234
6539
477
16558
12939
8510
2139
5498
13151
17393
15625
22951
2076
28132
316
10101
25743
5333
632
19603
19116
25842
10202
25631
7689
17825
24982
6001
1916
27538
8893
5562
